0.8433035612106323
0.8587053716182709
0.8616071343421936
0.8453125059604645
0.8520089387893677
0.8453125059604645
0.8504464328289032
0.8694196343421936
0.8531250059604645
0.8410714566707611
0.8611607253551483
0.8470982015132904
0.877232164144516
0.8479910790920258
0.8486607074737549
0.8573660552501678
0.8473214209079742
0.8687500059604645
0.8502232134342194
0.8299106955528259
0.8120535612106323
0.8616071343421936
0.8569196462631226
0.7993303537368774
0.8587053716182709
0.8622767627239227
0.8486607372760773
0.8609375059604645
0.8640625178813934
0.8540178537368774