0.8475446403026581
0.8484375178813934
0.8486607074737549
0.8486607074737549
0.8477678596973419
0.8486607372760773
0.8477678596973419
0.8477678596973419
0.8477678596973419
0.8477678596973419
0.8479910790920258
0.8477678596973419
0.8444196283817291
0.8477678596973419
0.8477678596973419
0.8477678596973419
0.8477678596973419
0.8477678596973419
0.8488839268684387
0.8504464328289032
0.8477678596973419
0.8477678596973419
0.8486607074737549
0.8477678596973419
0.8477678596973419
0.8477678596973419
0.8477678596973419
0.8477678596973419
0.8484375178813934
0.848437488079071
