0.8558035790920258
0.8533482253551483
0.8533482253551483
0.8533482253551483
0.8533482253551483
0.8453124761581421
0.8533482253551483
0.8533482253551483
0.8533482253551483
0.8533482253551483
0.8533482253551483
0.8533482253551483
0.8533482253551483
0.853794664144516
0.8522321581840515
0.8533482253551483
0.8535714447498322
0.8533482253551483
0.8533482253551483
0.8533482253551483
0.854687511920929
0.8533482253551483
0.8533482253551483
0.8533482253551483
0.8533482253551483
0.8533482253551483
0.8533482253551483
0.8533482253551483
0.8533482253551483
0.8533482253551483