0.8544642925262451
0.8558035492897034
0.8647321164608002
0.8595982193946838
0.8613839447498322
0.8455357253551483
0.8473214209079742
0.8459821343421936
0.8674107193946838
0.8466517925262451
0.8609374761581421
0.8537946343421936
0.8587053418159485
0.8419643044471741
0.8274553716182709
0.8535714447498322
0.8305803835391998
0.8589285910129547
0.8723214268684387
0.8453125059604645
0.8470982313156128
0.8595982193946838
0.7939732074737549
0.848437488079071
0.7709821462631226
0.8604910671710968
0.850669652223587
0.8620535731315613
0.8511160612106323
0.8261160552501678