0.8611606955528259
0.8595982193946838
0.8482142984867096
0.7720982134342194
0.854687511920929
0.8435268104076385
0.8517857193946838
0.8441964089870453
0.8435267806053162
0.8495535552501678
0.8299106955528259
0.8404017984867096
0.858482152223587
0.8397321403026581
0.8303571343421936
0.8189732134342194
0.8457589149475098
0.8524553775787354
0.8417410552501678
0.8709821403026581
0.7897321283817291
0.8575892746448517
0.8551339209079742
0.8604910671710968
0.8636160492897034
0.8863839209079742
0.8473214209079742
0.8475446403026581
0.8752231895923615
0.8687500059604645