0.853794664144516
0.853794664144516
0.853794664144516
0.853794664144516
0.853794664144516
0.853794664144516
0.853794664144516
0.853794664144516
0.853794664144516
0.853794664144516
0.853794664144516
0.853794664144516
0.853794664144516
0.853794664144516
0.853794664144516
0.853794664144516
0.853794664144516
0.853794664144516
0.853794664144516
0.853794664144516
0.853794664144516
0.853794664144516
0.853794664144516
0.853794664144516
0.853794664144516
0.853794664144516
0.853794664144516
0.853794664144516
0.853794664144516
0.853794664144516
