0.8602678775787354
0.8526785671710968
0.8544642925262451
0.8462053835391998
0.835044652223587
0.857142835855484
0.859375
0.8439731895923615
0.864062488079071
0.858482152223587
0.8738839328289032
0.8540178537368774
0.8069196343421936
0.8477678596973419
0.8477678596973419
0.8546874821186066
0.8575893044471741
0.8504464328289032
0.8526785671710968
0.8723214268684387
0.8560267984867096
0.8555803596973419
0.8870535790920258
0.8531250059604645
0.8551339507102966
0.8620535731315613
0.8531250059604645
0.8464285731315613
0.8455357253551483
0.8508928418159485