0.8598214387893677
0.8531250059604645
0.8549107313156128
0.8531250059604645
0.8544642925262451
0.8531250059604645
0.8531250059604645
0.8531250059604645
0.8531250059604645
0.8531250059604645
0.8531250059604645
0.8531250059604645
0.8531250059604645
0.8531250059604645
0.8520089387893677
0.8531250059604645
0.8531250059604645
0.8531250059604645
0.8531250059604645
0.8531250059604645
0.8531250059604645
0.8531250059604645
0.8531250059604645
0.8531250059604645
0.8531250059604645
0.8531250059604645
0.8531250059604645
0.8531250059604645
0.8491071462631226
0.8531250059604645
