0.8537946343421936
0.8537946343421936
0.8537946343421936
0.8551339209079742
0.8537946343421936
0.8537946343421936
0.8551339209079742
0.849330335855484
0.8537946343421936
0.8537946343421936
0.8537946343421936
0.8540178537368774
0.8540178537368774
0.8537946343421936
0.8537946343421936
0.8537946343421936
0.8537946343421936
0.8537946343421936
0.8537946343421936
0.8537946343421936
0.8537946343421936
0.8537946343421936
0.8537946343421936
0.8537946343421936
0.8537946343421936
0.8537946343421936
0.8542410731315613
0.8537946343421936
0.8537946343421936
0.8535714149475098