0.8408482074737549
0.8408482074737549
0.8408482074737549
0.8408482074737549
0.8408482074737549
0.8408482074737549
0.8408482074737549
0.8408482074737549
0.8408482074737549
0.8408482074737549
0.8408482074737549
0.8408482074737549
0.8408482074737549
0.8408482074737549
0.8408482074737549
0.8408482074737549
0.8408482074737549
0.8408482074737549
0.8408482074737549
0.8408482074737549
0.8408482074737549
0.8408482074737549
0.8408482074737549
0.8408482074737549
0.8408482074737549
0.8408482074737549
0.8408482074737549
0.8408482074737549
0.8408482074737549
0.8408482074737549