0.8495535850524902
0.8495535850524902
0.8495535850524902
0.8495535850524902
0.8495535850524902
0.8495535850524902
0.8495535850524902
0.8495535850524902
0.8495535850524902
0.8495535850524902
0.8495535850524902
0.8495535850524902
0.8495535850524902
0.8495535850524902
0.8495535850524902
0.8495535850524902
0.8495535850524902
0.8495535850524902
0.8495535850524902
0.8495535850524902
0.8495535850524902
0.8495535850524902
0.8495535850524902
0.8495535850524902
0.8495535850524902
0.8495535850524902
0.8495535850524902
0.8495535850524902
0.8495535850524902
0.8495535850524902
